%YAML:1.0
imageWidth: 640
imageHeight: 480
cameraName: camera_left
cameraMatrix: !!opencv-matrix
  rows: 3
  cols: 3
  dt: d
  data: [ 824.62487930312,  0,                319.835025500207, 
          0,                823.536152185629, 228.024639883862, 
          0,                0,                1]
distortionModel: plumb_bob
distortionCoefficients: !!opencv-matrix
  rows: 1
  cols: 5
  data: [-0.447691524095981, 0.255046440083257, 0.00106243885765522, 0.000518336448432952, 0]
rectificationMatrix: !!opencv-matrix
  rows: 3
  cols: 3
  data: [0.999989502006565, -0.00324270853106813, -0.0032373937118744, 0.003243489607601, 0.999994712014747, 0.000236045987348703, 0.00323661116424729, -0.000246543962199625, 0.999994731768246]
projectionMatrix: !!opencv-matrix
  rows: 3
  cols: 4
  data: [811.686759202981, 0, 316.445793151855, 0, 0, 811.686759202981, 230.598052978516, 0, 0, 0, 1, 0]
