image_width: 640
image_height: 480
camera_name: narrow_stereo/left
camera_matrix:
  rows: 3
  cols: 3
  data: [843.855351, 0, 347.909173, 0, 842.055273, 230.968916, 0, 0, 1]
distortion_model: plumb_bob
distortion_coefficients:
  rows: 1
  cols: 5
  data: [-0.140701, -0.482914, -0.006373, 0.004579, 0]
rectification_matrix:
  rows: 3
  cols: 3
  data: [1, 0, 0, 0, 1, 0, 0, 0, 1]
projection_matrix:
  rows: 3
  cols: 4
  data: [811.712158, 0, 352.1856, 0, 0, 826.729553, 228.705205, 0, 0, 0, 1, 0]