%YAML:1.0
imageWidth: 640
imageHeight: 480
cameraName: camera
cameraMatrix: !!opencv-matrix
  rows: 3
  cols: 3
  dt: d
  data: [ 624.944681,  0,                321.790859, 
          0,                625.524575,  251.104817, 
          0,                0,                1]
distortionModel: plumb_bob
distortionCoefficients: !!opencv-matrix
  rows: 1
  cols: 5
  data: [0.133333, -0.356095, 0.004060, 0.001753, 0]
rectificationMatrix: !!opencv-matrix
  rows: 3
  cols: 3
  data: [1, 0, 0, 0, 1, 0, 0, 0, 1]
projectionMatrix: !!opencv-matrix
  rows: 3
  cols: 4
  data: [630.854858, 0, 322.209530, 0, 0, 632.249939, 251.829046, 0, 0, 0, 1, 0]
  