%YAML:1.0
image_width: 640
image_height: 480
camera_name: "00b09d0100ac7cc8_right"
camera_matrix: !!opencv-matrix
  rows: 3
  cols: 3
  dt: d
  data: [832.710417780018, 0, 311.163686442163, 0, 831.611464661562, 227.344768254696, 0, 0, 1]
distortion_model: "plumb_bob"
distortion_coefficients: !!opencv-matrix
  rows: 1
  cols: 5
  dt: d
  data: [-0.454854694026844, 0.305715952846026, 0.00233309147207824, 0.000269233443195982, 0]
rectification_matrix: !!opencv-matrix
  rows: 3
  cols: 3
  dt: d
  data: [0.99997112833027, 0.00758121516735899, -0.000517380395356797, -0.0075815035822885, 0.999971104421282, -0.000557786619395769, 0.000513136744971743, 0.000561693036485521, 0.999999710595765]
projection_matrix: !!opencv-matrix
  rows: 3
  cols: 4
  dt: d
  data: [807.996524477126, 0, 317.165607452393, -96.7701229934948, 0, 807.996524477126, 224.772109985352, 0, 0, 0, 1, 0]
