image_width: 1280
image_height: 960
camera_name: 00b09d0100bec852_right
camera_matrix:
  rows: 3
  cols: 3
  data: [1027.25999172096, 0, 663.354165769439, 0, 1025.66827879002, 473.419967365126, 0, 0, 1]
distortion_model: plumb_bob
distortion_coefficients:
  rows: 1
  cols: 5
  data: [-0.344635314752779, 0.129341425107308, 0.000349818826990119, -0.000404967306302641, 0]
rectification_matrix:
  rows: 3
  cols: 3
  data: [0.999968357657044, -0.00315769476739735, -0.00730155109760238, 0.00316658827628274, 0.999994258171361, 0.00120679037065533, 0.00729769849770846, -0.00122987319108487, 0.99997261512932]
projection_matrix:
  rows: 3
  cols: 4
  data: [963.814263724747, 0, 678.642166137695, -230.989313213602, 0, 963.814263724747, 481.785022735596, 0, 0, 0, 1, 0]