%YAML:1.0
image_width: 640
image_height: 480
camera_name: "00b09d0100be241e_right"
camera_matrix: !!opencv-matrix
  rows: 3
  cols: 3
  dt: d
  data: [525.241902675035, 0, 328.235748347359, 0, 523.827131779149, 240.711862594765, 0, 0, 1]
distortion_model: "plumb_bob"
distortion_coefficients: !!opencv-matrix
  rows: 1
  cols: 5
  dt: d
  data: [-0.366948569017279, 0.189992422925826, -0.00103880720974622, -0.000391467505422537, 0]
rectification_matrix: !!opencv-matrix
  rows: 3
  cols: 3
  dt: d
  data: [0.999414104844679, 0.00308620626412704, 0.0340869823892496, -0.00312260494056144, 0.999994609914156, 0.00101463344127943, -0.0340836672894061, -0.00112047915207926, 0.999418354919788]
projection_matrix: !!opencv-matrix
  rows: 3
  cols: 4
  dt: d
  data: [490.943411405536, 0, 304.632312774658, -58.9101072316858, 0, 490.943411405536, 236.829158782959, 0, 0, 0, 1, 0]
