%YAML:1.0
image_width: 640
image_height: 480
camera_name: "00b09d0100be241e_left"
camera_matrix: !!opencv-matrix
  rows: 3
  cols: 3
  dt: d
  data: [526.604012393714, 0, 325.472934492261, 0, 526.151799009263, 235.432511582867, 0, 0, 1]
distortion_model: "plumb_bob"
distortion_coefficients: !!opencv-matrix
  rows: 1
  cols: 5
  dt: d
  data: [-0.352747835369322, 0.16745861623392, -0.00205557084604303, -0.00104311358941226, 0]
rectification_matrix: !!opencv-matrix
  rows: 3
  cols: 3
  dt: d
  data: [0.999416393629664, 0.00431959580451988, 0.033885295282193, -0.00428340830165019, 0.999990175831645, -0.00114046197570493, -0.0338898887221128, 0.000994651839715174, 0.999425077787285]
projection_matrix: !!opencv-matrix
  rows: 3
  cols: 4
  dt: d
  data: [490.943411405536, 0, 304.632312774658, 0, 0, 490.943411405536, 236.829158782959, 0, 0, 0, 1, 0]
