image_width: 1280
image_height: 960
camera_name: 00b09d0100bec852_left
camera_matrix:
  rows: 3
  cols: 3
  data: [1023.66407436606, 0, 669.981712217937, 0, 1021.68509378889, 488.915808924766, 0, 0, 1]
distortion_model: plumb_bob
distortion_coefficients:
  rows: 1
  cols: 5
  data: [-0.353666778149373, 0.150636381854236, 0.000306526955102551, 0.000395293569878209, 0]
rectification_matrix:
  rows: 3
  cols: 3
  data: [0.999982460282344, -0.00105086356516385, -0.00582879176477922, 0.00104376129566133, 0.999998709385142, -0.00122138872138015, 0.00583006775496021, 0.00121528343132231, 0.999982266540839]
projection_matrix:
  rows: 3
  cols: 4
  data: [963.814263724747, 0, 678.642166137695, 0, 0, 963.814263724747, 481.785022735596, 0, 0, 0, 1, 0]